176 175 174 176 175 175 175 175 175 175 175 175 175 175 175 175 175 174 -1 -1 -1 -1 176 175 175 175 175 175 175 175 175 175 175 174 -1 -1 -1 -1 -1 -1 -1 176 175 175 175 175 174 176 175 175 175 175 174
182 180 173 182 -1 -1 -1 180 180 -1 -1 -1 181 -1 -1 -1 181 173 165 -1 213 -1 182 -1 -1 -1 180 181 181 180 -1 180 -1 173 213 -1 -1 -1 -1 -1 -1 182 180 180 -1 -1 173 182 -1 181 181 180 173
182 -1 173 179 177 177 177 177 177 177 177 177 177 177 177 177 177 178 166 -1 -1 -1 179 177 177 177 177 177 177 177 177 177 177 178 -1 -1 -1 -1 -1 -1 -1 179 177 177 177 177 178 179 177 177 177 177 178
182 -1 173 -1 -1 -1 -1 -1 -1 -1 -1 -1 -1 -1 -1 -1 -1 -1 -1 -1 -1 -1 -1 -1 -1 -1 -1 -1 -1 -1 -1 -1 -1 -1 -1 213 -1 -1 -1 -1 -1 -1 -1 -1 -1 -1 -1 -1 -1 -1 -1 -1 -1
182 181 173 -1 -1 -1 -1 -1 -1 -1 -1 -1 -1 -1 -1 -1 -1 -1 199 -1 -1 165 -1 -1 -1 -1 -1 -1 -1 -1 -1 -1 -1 -1 199 -1 -1 -1 -1 -1 163 -1 -1 -1 -1 -1 -1 -1 -1 -1 -1 -1 -1
182 -1 173 -1 -1 -1 -1 -1 -1 -1 -1 -1 -1 -1 -1 -1 -1 -1 200 -1 -1 166 -1 -1 -1 -1 -1 -1 -1 -1 -1 -1 -1 -1 200 -1 -1 -1 -1 -1 164 -1 -1 -1 -1 -1 -1 -1 -1 -1 -1 -1 -1
182 -1 173 -1 -1 -1 -1 -1 -1 -1 -1 -1 -1 -1 -1 -1 -1 -1 -1 -1 -1 163 -1 -1 -1 -1 -1 -1 -1 -1 -1 -1 -1 -1 -1 -1 -1 -1 -1 -1 -1 -1 -1 -1 -1 -1 -1 -1 -1 -1 -1 -1 -1
182 -1 173 -1 -1 -1 -1 -1 -1 -1 -1 -1 -1 -1 -1 -1 -1 -1 -1 -1 -1 164 -1 -1 -1 -1 -1 -1 -1 -1 -1 -1 -1 -1 -1 -1 -1 -1 -1 -1 167 -1 -1 -1 -1 -1 -1 -1 -1 -1 -1 -1 -1
182 -1 173 -1 -1 -1 -1 -1 -1 -1 -1 -1 -1 -1 -1 -1 -1 -1 -1 -1 -1 -1 -1 -1 210 -1 -1 -1 -1 -1 -1 -1 -1 -1 -1 -1 -1 -1 -1 -1 168 -1 -1 199 -1 -1 -1 -1 -1 -1 -1 -1 -1
182 180 173 -1 -1 -1 -1 -1 -1 159 160 -1 -1 -1 -1 -1 -1 -1 204 -1 -1 -1 -1 -1 211 -1 -1 -1 -1 -1 -1 -1 -1 -1 -1 -1 -1 -1 -1 -1 -1 -1 -1 200 -1 -1 -1 -1 -1 -1 -1 -1 -1
182 -1 173 -1 -1 -1 -1 -1 -1 161 162 198 -1 -1 -1 -1 -1 -1 -1 -1 -1 -1 -1 -1 -1 -1 -1 -1 -1 -1 -1 -1 -1 -1 -1 -1 -1 -1 -1 -1 -1 -1 -1 -1 -1 -1 -1 -1 -1 -1 -1 -1 -1
182 -1 173 -1 -1 -1 -1 -1 -1 -1 -1 -1 -1 -1 -1 -1 213 -1 -1 -1 -1 -1 -1 -1 -1 -1 -1 -1 -1 -1 -1 -1 -1 -1 -1 -1 -1 -1 -1 -1 -1 -1 -1 -1 -1 -1 -1 -1 -1 -1 -1 -1 -1
182 -1 173 -1 -1 -1 -1 -1 -1 -1 -1 -1 -1 -1 -1 -1 -1 -1 -1 -1 -1 -1 -1 -1 -1 -1 -1 -1 -1 -1 -1 -1 -1 -1 -1 -1 -1 -1 -1 -1 -1 -1 -1 -1 -1 -1 -1 -1 -1 -1 -1 -1 -1
182 -1 173 -1 -1 -1 -1 -1 204 197 159 160 -1 -1 -1 -1 -1 -1 -1 -1 -1 -1 -1 -1 -1 -1 -1 -1 -1 -1 -1 -1 -1 -1 -1 -1 -1 -1 -1 209 -1 -1 -1 -1 -1 -1 -1 -1 -1 -1 -1 -1 -1
182 181 173 204 -1 -1 -1 197 197 197 161 162 201 201 -1 -1 -1 -1 -1 -1 -1 -1 -1 -1 -1 -1 -1 -1 -1 -1 -1 -1 -1 -1 -1 -1 -1 -1 -1 201 197 201 208 -1 -1 -1 -1 -1 -1 -1 -1 -1 -1
179 177 178 -1 -1 -1 -1 209 198 198 -1 213 -1 -1 -1 -1 -1 -1 -1 -1 -1 -1 -1 -1 -1 -1 -1 -1 -1 -1 -1 -1 -1 -1 -1 -1 -1 -1 -1 -1 -1 -1 -1 -1 -1 -1 -1 -1 -1 -1 -1 -1 -1
-1 -1 -1 -1 -1 -1 -1 -1 209 -1 -1 -1 -1 -1 -1 -1 -1 -1 -1 -1 -1 -1 -1 -1 -1 -1 -1 -1 -1 -1 -1 -1 -1 -1 -1 -1 -1 -1 -1 -1 -1 -1 -1 -1 -1 -1 -1 -1 -1 -1 -1 -1 -1
-1 -1 -1 -1 -1 -1 -1 -1 -1 -1 -1 -1 -1 -1 -1 -1 -1 -1 -1 -1 -1 151 155 -1 154 -1 -1 -1 -1 -1 -1 -1 -1 -1 -1 -1 -1 -1 -1 -1 -1 -1 -1 -1 -1 -1 -1 -1 -1 -1 -1 -1 -1
-1 -1 -1 165 -1 -1 -1 -1 -1 -1 -1 -1 -1 -1 -1 -1 -1 -1 -1 -1 -1 152 156 157 158 -1 -1 -1 -1 -1 -1 -1 -1 -1 -1 -1 176 175 175 175 175 175 174 176 175 175 175 175 175 175 175 175 175
-1 -1 -1 166 -1 -1 -1 -1 -1 -1 -1 -1 -1 -1 -1 -1 -1 -1 -1 -1 -1 153 -1 -1 153 -1 -1 -1 -1 -1 -1 -1 -1 -1 -1 -1 182 -1 180 180 -1 181 173 182 180 -1 -1 -1 181 180 181 -1 -1
-1 -1 -1 199 -1 -1 -1 -1 -1 -1 -1 -1 -1 -1 -1 -1 -1 -1 -1 -1 -1 -1 -1 -1 -1 -1 -1 -1 -1 -1 -1 -1 -1 -1 -1 -1 179 177 177 177 177 177 178 179 177 177 177 177 177 177 177 177 177
-1 -1 -1 200 -1 -1 -1 -1 -1 -1 -1 -1 -1 -1 -1 -1 -1 -1 -1 -1 -1 -1 -1 -1 -1 -1 -1 -1 -1 -1 -1 -1 -1 -1 -1 165 -1 -1 -1 -1 -1 -1 -1 -1 -1 -1 -1 -1 -1 -1 -1 -1 -1
-1 -1 -1 213 -1 -1 -1 -1 -1 -1 208 -1 -1 -1 -1 -1 -1 -1 -1 -1 -1 -1 -1 -1 -1 -1 -1 -1 -1 -1 -1 -1 -1 -1 -1 166 -1 -1 -1 -1 -1 -1 -1 -1 -1 -1 -1 -1 -1 -1 -1 -1 -1
204 -1 -1 -1 -1 -1 -1 -1 -1 -1 -1 -1 -1 -1 -1 -1 -1 -1 -1 -1 -1 -1 -1 -1 -1 -1 -1 -1 -1 -1 -1 -1 -1 -1 -1 -1 -1 -1 -1 -1 -1 -1 -1 -1 -1 -1 -1 -1 -1 -1 -1 -1 -1
-1 -1 -1 -1 -1 -1 -1 -1 -1 -1 -1 -1 208 -1 -1 -1 -1 -1 -1 -1 -1 -1 -1 -1 -1 -1 -1 -1 -1 -1 -1 -1 -1 -1 -1 -1 -1 -1 -1 -1 -1 -1 -1 -1 -1 -1 -1 -1 -1 -1 -1 -1 -1
-1 -1 -1 -1 -1 -1 -1 -1 197 197 197 -1 197 -1 -1 -1 -1 -1 -1 -1 -1 -1 -1 -1 -1 -1 -1 -1 -1 -1 -1 -1 -1 -1 -1 199 -1 -1 -1 -1 -1 -1 -1 -1 -1 -1 -1 -1 -1 -1 -1 -1 -1
-1 -1 -1 -1 -1 -1 -1 -1 197 203 198 209 -1 -1 213 -1 -1 -1 -1 -1 -1 -1 -1 -1 -1 -1 -1 -1 -1 -1 -1 -1 -1 -1 -1 200 -1 -1 -1 -1 -1 -1 -1 -1 -1 -1 -1 -1 -1 -1 -1 -1 -1
176 175 174 -1 -1 -1 -1 -1 197 209 -1 -1 -1 -1 -1 -1 -1 -1 -1 -1 -1 -1 -1 -1 -1 -1 -1 -1 -1 -1 -1 -1 -1 -1 -1 -1 -1 -1 -1 -1 -1 -1 -1 -1 -1 -1 -1 -1 -1 -1 -1 -1 -1
182 180 173 -1 -1 -1 -1 -1 197 197 -1 -1 -1 213 -1 -1 -1 -1 -1 -1 -1 -1 -1 -1 -1 -1 -1 -1 -1 -1 -1 -1 -1 -1 -1 -1 204 -1 -1 212 -1 -1 -1 -1 -1 198 -1 -1 198 -1 198 -1 -1
182 -1 173 -1 -1 -1 -1 -1 -1 204 -1 -1 202 197 -1 -1 -1 -1 -1 -1 -1 -1 -1 -1 -1 -1 -1 -1 -1 -1 -1 -1 -1 -1 -1 -1 -1 -1 -1 -1 -1 -1 -1 -1 -1 -1 -1 -1 -1 -1 -1 -1 -1
182 -1 173 -1 -1 -1 -1 -1 -1 -1 -1 -1 197 197 -1 -1 -1 -1 -1 -1 -1 -1 -1 -1 -1 -1 -1 -1 -1 -1 -1 -1 -1 -1 -1 -1 -1 -1 -1 -1 -1 -1 -1 -1 -1 -1 -1 -1 -1 -1 -1 -1 -1
182 -1 173 209 -1 -1 -1 -1 -1 -1 -1 -1 -1 -1 -1 -1 -1 -1 -1 -1 -1 -1 -1 -1 -1 -1 205 202 -1 -1 -1 -1 -1 -1 -1 -1 -1 -1 -1 -1 -1 -1 -1 -1 -1 -1 -1 -1 -1 -1 -1 -1 -1
182 -1 173 204 -1 -1 -1 -1 198 -1 209 -1 -1 -1 -1 -1 -1 -1 -1 -1 -1 -1 -1 -1 -1 -1 205 206 207 204 -1 -1 -1 -1 -1 -1 198 198 212 212 212 -1 -1 -1 198 -1 -1 198 -1 -1 -1 -1 204
182 180 173 176 175 175 175 175 175 175 175 175 175 175 175 175 175 174 176 175 175 175 175 175 175 175 175 175 175 175 175 175 175 175 175 174 176 175 175 175 175 175 175 175 175 175 175 175 175 175 175 175 175
182 181 173 182 180 181 -1 -1 -1 -1 -1 180 -1 -1 181 181 -1 173 182 180 -1 -1 -1 180 -1 180 180 -1 -1 181 181 -1 180 180 -1 173 182 -1 -1 180 180 -1 -1 -1 180 180 -1 181 181 -1 181 180 -1
179 177 178 179 177 177 177 177 177 177 177 177 177 177 177 177 177 178 179 177 177 177 177 177 177 177 177 177 177 177 177 177 177 177 177 178 179 177 177 177 177 177 177 177 177 177 177 177 177 177 177 177 177
