13 13 13 63 13 184 13 13 13 13 63 13 13 13 13 13 63 13 139 140 21 21 13 184 63 185 13 63 13 13 185 13 13 13 21 21 12 133 133 148 21 183 13 185 185 13 13 13 13 184 13 13 183
13 13 13 13 185 63 63 13 13 185 13 185 13 13 13 63 13 13 141 142 21 148 13 183 63 63 13 13 13 13 63 13 183 13 21 147 135 134 134 21 21 13 185 13 13 184 13 13 183 13 13 13 13
13 13 13 13 63 13 13 13 13 63 13 13 13 184 13 63 13 13 21 148 21 21 13 185 13 13 63 13 13 13 13 63 13 184 21 21 125 126 186 148 21 184 13 183 185 185 183 13 13 13 13 13 184
13 13 183 0 22 23 42 43 44 70 71 72 0 1 2 70 71 72 21 214 21 21 97 98 99 42 43 44 70 71 72 116 117 118 139 140 125 126 186 21 21 42 43 44 0 22 23 116 117 118 42 43 44
13 185 13 24 25 26 45 46 47 73 74 75 3 4 5 73 74 75 21 21 21 21 100 100 100 45 46 47 73 74 75 79 80 81 141 147 125 126 186 21 21 45 46 47 24 25 26 79 80 81 45 46 47
13 185 13 27 28 29 48 49 50 76 77 78 6 7 8 76 77 78 148 214 214 21 101 102 103 48 49 50 76 77 78 82 83 84 146 21 125 126 126 21 146 48 49 50 27 28 29 82 83 84 48 49 50
13 185 13 30 31 32 51 52 53 79 80 81 85 86 87 67 68 69 147 21 139 140 104 105 106 51 52 53 9 10 11 85 86 87 21 21 125 126 126 139 140 127 128 129 30 31 32 9 10 11 67 68 69
183 13 13 33 34 35 54 55 56 82 83 84 88 89 90 12 66 14 144 21 141 142 107 108 109 54 55 56 12 13 14 88 89 90 21 21 125 126 126 141 142 130 131 132 33 34 35 12 13 14 12 66 14
183 13 13 36 37 38 57 58 59 13 63 66 91 92 93 57 58 59 21 21 21 21 110 111 112 57 58 59 15 16 17 119 120 121 21 21 125 126 126 147 21 110 111 112 36 37 38 15 16 17 91 92 93
13 13 13 39 40 41 60 61 62 64 65 66 94 95 96 60 61 62 21 21 21 21 113 114 115 60 61 62 18 19 20 122 123 124 21 146 125 126 126 21 21 113 114 115 39 40 41 18 19 20 94 95 96
13 185 13 21 21 21 147 147 21 21 21 148 21 21 21 21 21 21 144 144 21 21 21 21 21 21 21 21 21 21 21 21 21 21 21 21 21 149 21 21 148 21 21 21 21 21 21 21 21 21 21 21 21
13 13 65 21 139 140 149 21 146 21 21 21 21 21 21 21 144 21 139 140 21 214 144 144 21 214 214 144 214 21 21 21 21 21 21 21 21 214 21 21 21 214 139 140 21 214 21 214 214 21 21 21 21
185 13 183 21 141 142 21 21 21 21 21 21 21 21 21 21 21 21 141 142 21 214 144 149 21 21 21 21 138 139 140 21 214 148 21 21 21 21 21 21 21 214 141 142 214 214 148 21 214 139 140 21 21
65 13 13 21 149 21 138 21 146 21 21 21 21 21 21 146 21 21 21 21 21 21 21 21 21 21 144 21 21 141 142 214 21 214 21 21 21 21 21 21 214 214 21 21 21 21 21 21 21 141 142 21 21
13 13 185 21 149 21 21 21 21 139 140 21 21 21 21 21 21 148 21 21 21 21 21 21 21 21 21 21 21 149 21 21 21 214 21 21 135 136 137 21 148 21 21 21 21 21 21 147 21 214 21 21 21
13 185 13 21 21 147 21 21 21 141 142 21 214 138 21 21 21 21 21 21 21 21 21 21 21 21 21 21 21 149 21 21 21 144 21 21 125 126 126 136 136 136 136 136 136 136 136 136 136 136 136 136 136
42 43 44 21 21 149 21 21 21 214 21 21 21 21 214 214 214 21 21 21 150 150 150 150 150 150 21 21 214 21 21 138 21 21 21 147 125 126 126 126 126 126 126 126 126 126 126 126 126 126 126 126 126
45 46 47 21 21 149 149 21 214 214 21 21 21 21 21 21 21 21 21 21 150 21 21 21 21 150 21 148 21 21 21 21 21 21 21 21 125 126 126 126 126 126 126 126 126 126 126 126 126 126 126 126 126
48 49 50 21 21 21 21 21 214 21 21 21 21 21 21 21 21 21 148 21 150 21 214 21 21 150 21 21 21 21 21 21 144 21 21 21 184 183 13 185 13 63 13 63 184 13 13 13 13 13 183 63 13
51 52 53 21 214 21 21 21 21 21 148 21 21 21 21 21 21 21 21 21 150 21 214 21 21 150 21 21 144 139 140 21 148 21 21 21 13 63 13 13 185 13 13 13 13 185 13 185 13 13 13 13 13
54 55 56 21 21 21 144 21 21 21 21 21 21 21 21 21 21 21 21 21 150 21 21 21 21 150 215 21 21 141 142 21 21 215 21 21 13 185 13 183 184 64 13 13 64 64 63 64 184 64 13 185 184
57 58 59 21 21 21 214 146 144 21 21 21 21 21 148 146 21 21 21 21 150 150 150 150 150 150 21 21 21 149 21 21 214 214 21 21 0 1 2 116 117 118 70 71 72 0 22 23 42 43 44 187 188
60 61 62 21 21 21 214 21 21 21 21 21 138 21 21 21 139 140 21 21 21 21 21 21 21 21 214 214 21 21 21 215 214 21 21 21 3 4 5 79 80 81 73 74 75 24 25 26 45 46 47 189 190
21 147 21 144 21 21 21 21 21 21 21 138 138 21 21 21 141 142 21 21 21 21 21 21 21 147 21 214 21 144 21 215 21 21 21 21 6 7 8 82 83 84 76 77 78 27 28 29 48 49 50 191 192
21 21 21 21 21 21 21 21 21 21 148 21 214 139 140 21 21 21 21 21 21 148 21 21 21 21 144 21 21 138 21 21 215 215 21 21 9 10 11 85 86 87 67 68 69 30 31 32 51 52 53 127 128
147 21 21 21 21 21 144 144 21 21 21 21 214 141 142 21 21 21 144 215 215 144 214 21 21 21 21 21 21 138 21 21 21 21 21 21 12 13 14 88 89 90 12 66 14 33 34 35 54 55 56 130 131
21 21 21 21 21 21 21 21 21 214 138 138 21 149 214 214 21 21 144 215 215 215 138 144 21 21 21 21 21 21 21 214 214 21 139 140 15 16 17 119 120 121 91 92 93 36 37 38 57 58 59 193 194
183 185 185 21 21 21 21 214 21 21 21 21 138 138 21 214 21 21 21 21 215 144 21 21 21 21 21 21 21 21 144 214 214 148 141 142 18 19 20 122 123 124 94 95 96 39 40 41 60 61 62 195 196
63 13 13 21 21 21 215 21 21 21 147 21 21 21 21 21 21 21 21 21 21 215 21 139 140 21 21 148 215 149 144 21 214 21 21 21 21 21 21 21 21 21 21 21 21 21 21 21 21 21 21 149 21
13 63 183 21 21 21 144 21 21 21 21 21 21 21 21 21 214 214 148 21 214 21 21 141 142 21 21 21 215 144 21 21 21 21 214 214 21 21 138 21 21 21 139 140 21 21 21 21 21 21 21 21 21
13 63 13 21 21 139 140 21 21 215 144 144 21 21 21 139 140 21 21 214 215 21 144 21 21 144 21 144 144 139 140 140 21 214 214 21 149 21 215 21 21 21 215 215 139 140 21 21 214 214 139 140 21
13 185 13 21 21 141 142 21 21 21 21 21 215 21 144 215 142 21 21 149 21 21 21 148 21 21 21 21 215 141 142 142 21 215 214 214 21 144 138 214 21 21 21 21 141 142 21 215 215 21 141 142 21
13 183 13 21 21 147 21 21 21 21 21 21 21 147 21 21 21 21 21 21 21 21 21 21 215 215 21 21 21 21 21 21 21 21 21 144 138 138 21 214 214 214 214 21 21 149 149 21 21 21 21 21 21
63 13 13 13 13 63 63 13 13 13 13 13 13 13 13 183 183 13 13 63 185 13 13 13 13 13 13 13 13 63 63 13 13 13 13 13 13 63 63 13 13 13 13 63 13 63 13 13 13 13 13 13 13
63 63 13 13 13 63 183 183 183 183 63 13 13 63 63 183 63 13 13 13 63 63 13 13 183 183 13 63 185 13 13 185 183 13 13 63 63 63 13 185 185 183 63 63 13 63 183 13 185 63 63 13 13
13 13 183 63 185 183 13 63 63 13 13 185 13 13 13 13 63 13 13 183 13 13 185 13 63 13 63 63 13 183 13 13 63 13 185 13 13 63 63 185 185 185 13 13 63 13 13 63 63 13 13 13 185
